LM=10
1470.00000 1420.00000
2040.00000 1411.00000
2605.00000 1346.00000
2680.00000 41.00000
1238.00000 120.00000
1055.00000 1147.00000
2962.00000 1079.00000
1039.00000 486.00000
2907.00000 338.00000
1964.00000 292.00000
IMAGE=Fc8480ind11.jpg
ID=FC8480IND11
LM=11
1090.00000 2007.00000
1653.00000 1928.00000
2198.00000 1956.00000
2353.00000 526.00000
893.00000 577.00000
1199.00000 797.00000
1989.00000 764.00000
754.00000 1791.00000
728.00000 903.00000
2517.00000 866.00000
1614.00000 783.00000
IMAGE=Fc764ind9.jpg
ID=FC764IND9
SCALE=0.000399
LM=10
1542.00000 1745.00000
2126.00000 1717.00000
2742.00000 1724.00000
2893.00000 259.00000
1308.00000 268.00000
1118.00000 1399.00000
3136.00000 1390.00000
1111.00000 618.00000
3085.00000 600.00000
2075.00000 500.00000
IMAGE=Fc764ind13.jpg
ID=FC764IND13
SCALE=0.000397
LM=11
1101.00000 2160.00000
1940.00000 2146.00000
2953.00000 2155.00000
3108.00000 39.00000
756.00000 37.00000
1282.00000 324.00000
2543.00000 301.00000
434.00000 1731.00000
3502.00000 1708.00000
411.00000 433.00000
3345.00000 370.00000
IMAGE=Fc342ind12.jpg
ID=FC342IND12
SCALE=0.000300